K = [33000, -13000, 0; -13000, 22000, -9000; 0, -9000, 9000];

M = [10, 0, 0; 0, 40, 0; 0, 0, 30];
